SM:2023-04-24T16:15:04.5041319Z
LM:2023-04-24T16:15:07.6272654Z
CT:image/jpeg
MA:2592000
CL:23718
