SM:2023-04-24T16:15:04.5081319Z
LM:2023-04-24T16:15:07.6311834Z
CT:image/jpeg
MA:2592000
CL:22586
