SM:2023-04-24T16:15:04.5081319Z
LM:2023-04-24T16:15:07.6282771Z
CT:image/jpeg
MA:2592000
CL:32227
